(array([-217,  -73,  -83, -123, -137, -173, -190, -200, -213, -229, -230,
       -228]), array([-227, -186, -175, -142, -131, -132, -134, -136, -139, -194, -209,
       -216]))
(array([-172, -174, -139, -106,  -98,  -97,  -99, -103, -119, -155, -170]), array([ 64,  -5, -30, -38, -27, -15,  -1,  18,  51,  68,  70]))
(array([-13,  24,  23,  16, -15, -30, -85, -77, -75, -71]), array([106, 160, 174, 195, 225, 228, 214, 133, 116, 107]))
(array([-54, -55, -36,  -4,   7, 156, 196, 187, 181, 171, 155]), array([ -61, -130, -148, -172, -175, -105,   -1,   21,   31,   36,   36]))
(array([ -18,    7, -126, -143, -179, -216, -224, -228, -230, -225, -224,
       -128, -109]), array([ 73, 115, 196, 204, 212, 200, 178, 163, 150, 131, 128,  99,  94]))
(array([-176, -130, -116,  -93,  -57,  -44,  -67,  -82, -133, -142, -157]), array([-104, -218, -221, -217, -168, -141, -122, -111, -101, -101, -102]))
(array([ -93, -197, -209, -215, -216, -228, -224,  -92,  -50,  -20,  -21]), array([102, 134, 131, 107, 102,  41,  26, -52, -65, -45, -26]))
(array([  5,  -6,   5,  40, 214, 220, 229, 230, 224, 142]), array([-146, -174, -220, -230, -226, -218, -193, -178, -143,  -91]))
(array([ -43,  -68, -104, -185, -189, -173, -152,  -70,  -48]), array([ 13, 158, 137,  41,  36,  11,   4,  -9,   0]))
(array([-109,  -41,  -52,  -70, -108, -120, -142, -151, -148, -146]), array([ 73,  92, 119, 158, 210, 226, 210, 156, 120, 111]))
(array([ -92, -116, -111, -107,  -62,  -46,   -3,  -19,  -65,  -66,  -77]), array([ -87, -166, -215, -226, -226, -222, -204, -140,  -88,  -87,  -78]))
(array([ 43,  64,  86,  94,  97, 140, 138,  80]), array([ 53, -41, -39, -32, -29,  24,  54,  66]))
(array([  36,  -28, -102, -119, -141, -142, -143, -128,  -61,  -43,   -9]), array([-142, -122, -141, -146, -153, -163, -179, -196, -226, -230, -207]))
(array([149, 177, 195, 215, 228, 230, 230, 228, 199, 189]), array([ -76, -140, -159, -168, -154, -109,  -68,  -16,   -3,  -16]))
(array([   1,  -99, -110, -122,  -63,   60,   62,   64,   38,   27]), array([ -72, -169, -186, -224, -229, -164, -148, -123,  -83,  -76]))
(array([-132, -226, -204, -142, -117, -100,  -90,  -88, -118]), array([ 83, -22, -43, -93, -93, -79,  32,  66,  86]))
(array([-133, -138,  -89,  -55,  -32,    6,  -59,  -67]), array([136, 125,  81,  70,  78, 100, 205, 213]))
(array([ 62,  47,  53,  66,  79, 108, 124, 147, 140]), array([ -14,  -61,  -86, -117, -131, -126, -107,    1,   19]))
(array([-226, -165, -156, -119, -136, -153, -183, -202, -216, -226]), array([ 86,  90, 100, 153, 195, 228, 226, 221, 197, 117]))
(array([-168, -170, -163, -160, -155, -108,  -86,  -55,  -46,  -27,  -14,
        -10,  -16,  -60,  -94]), array([-123, -158, -208, -219, -224, -229, -230, -229, -228, -225, -215,
       -191, -174, -128, -121]))
(array([-129, -211, -195, -184,  -92,  -76,  -73,  -63,  -67,  -75,  -99]), array([ -39, -184, -204, -208, -169, -146, -137,  -43,  -30,  -15,   -8]))
(array([201, 200,  93,  66,  13,   4,   1,   6,  30,  51,  88, 195]), array([ -56,  -44,   -3,  -37, -107, -127, -142, -155, -159, -161, -144,
        -86]))
(array([ 23, -38, -66, -84, -85,  33,  64,  96, 105, 103,  95,  38]), array([  35,   39,   23,    0,  -26, -139, -148, -152, -144, -124,  -95,
         11]))
(array([-229, -230, -224, -213, -113,  -23,  -25,  -63, -180]), array([144, 132,  91,  75,  71,  93, 108, 130, 169]))
(array([ -13,  -43,  -69,  -75,  -95, -100, -100,  -97,  -83,  -72,  -18]), array([-145,  -87, -109, -117, -172, -186, -212, -226, -228, -225, -174]))
(array([223, 226, 224, 100,  61,  83,  99, 133, 150, 183, 197]), array([ 72, 104, 106, 100,  96,  54,  35,  13,  16,  40,  51]))
(array([ 22, 126, 139, 140, 140, 139, 124, 112,  75,  25]), array([-141, -227, -223, -199, -167, -155, -132, -119, -102, -130]))
(array([177, 190, 222, 227, 227, 222, 212, 186, 162, 159, 169]), array([-44, -48, -35, -16,  13,  24,  34,  31,  -9, -19, -33]))
(array([ 23, -46, -45, -41,  -7,  88, 104, 107, 109,  97,  53]), array([ -51, -121, -137, -147, -183, -159, -152, -149, -141, -104,  -57]))
(array([-188, -190, -183,  -26,    5,   58,   64,   61,   55,   13,   -6,
       -159]), array([ -5, -28, -39, -82, -83, -76, -43, -24, -20,   6,   8,  21]))
(array([-27, -32, -63, -93, -97, -97, -31]), array([ 35, 206, 223, 206, 189,  52,  23]))
(array([ 99, 128, 194, 210, 218, 229, 230, 221, 208, 105]), array([ -82, -140, -144, -136, -121,  -85,  -69,  -57,  -48,  -64]))
(array([-229, -228, -226, -189,  -73,  -76,  -86,  -95, -114, -169, -220]), array([224, 172, 135, 143, 196, 202, 216, 224, 229, 229, 228]))
(array([-152, -155, -149, -115,  -42,  -35,  -34,  -41,  -51, -121, -135,
       -140]), array([-199, -213, -223, -230, -220, -207, -173, -171, -170, -167, -179,
       -184]))
(array([-205,  -88,  -64,  -69,  -88, -148, -165, -183, -193, -203, -205]), array([-229, -229, -228, -218, -195, -145, -144, -149, -152, -162, -172]))
(array([199, 130, 144, 160, 175, 183, 212, 226, 227, 228, 221, 211, 209]), array([  43, -132, -136, -140, -137, -131, -107,  -94,  -76,   36,   53,
         58,   58]))
(array([158, 164, 149, 128, 119, -11, -11,  84]), array([-181, -160,  -89,  -43,  -40,  -33,  -85, -165]))
(array([-228, -201, -192, -174, -174, -210, -230, -230]), array([ 61,  33,  67, 193, 211, 225, 211,  73]))
(array([-114, -123, -118,  -72,  -22,  -11,   -6,  -12,  -54, -105]), array([  -6, -103, -112, -160, -187, -178, -173, -119,    2,   -1]))
(array([228, 225, 197, 113,  86,  84, 144, 147, 157, 224, 227]), array([ 25,  93,  90,  71,  62,  50, -16, -19, -19,   7,  15]))
(array([169, 148,  85,  70,  72, 106, 126, 137, 157]), array([-222,  -97,  -61,  -71,  -90, -215, -228, -227, -224]))
(array([ 38,  38,  50, 201, 214, 148, 132, 103,  84]), array([ 98,  65,  54,  27,  40, 106, 121, 141, 151]))
(array([ 27,  32, 126, 152, 177, 182, 154,  92,  46]), array([-124, -140, -208, -195, -134,  -92,  -59,  -56,  -92]))
(array([ 15, -14, -39, -43, -40, -16,  39,  69,  91,  70]), array([ -38,  -86, -144, -154, -161, -191, -166, -133,  -60,  -50]))
(array([ -17,  -66,  -94, -104, -167, -167, -158, -148, -130,  -39,  -31,
        -26]), array([205, 221, 205, 192,  44,  31,   7, -13,  -3,  60,  70,  87]))
(array([227, 229, 226, 224, 220, 200,  85,  64,  80, 166, 173, 202]), array([-125,  -43,   24,   28,   32,   49,  104,  108,   71, -104, -112,
       -120]))
(array([  14,    7,  -90, -105, -118, -111,  -82,  -73,  -67,  -45,  -21,
         -1,   13]), array([144, 214, 222, 223, 217, 142,  78,  70,  68,  71,  77,  95, 114]))
(array([-225, -226, -222, -220, -219,  -86,  -66,  -67,  -76, -170, -194,
       -206]), array([ -21,  -85, -115, -129, -131, -179, -158, -138, -122,  -18,   -3,
          1]))
(array([-193, -185,  -50,  -38,    3,   28,   32,   33,   28,   24,   -8,
       -182]), array([-190, -230, -230, -227, -197, -170, -156, -151, -143, -140, -146,
       -179]))
(array([216, 189, 161, 150, 116, 105, 113, 122, 126, 151, 169, 181, 212]), array([ 39, 218, 226, 227, 217, 204, 136, 101,  89,  33,   5,   7,  23]))
(array([ 26, -19,  -8,  32,  58,  75,  94,  82,  69,  62,  53,  44]), array([ 16, -29, -44, -70, -84, -76, -47, -16,   2,   9,  15,  16]))
(array([-204, -121,  -96,  -78,  -72,  -52,  -93, -114, -177]), array([227,  40,  31,  33,  51, 169, 211, 229, 230]))
(array([ -85, -113, -212, -225, -229, -230, -216, -103,  -99,  -96,  -86]), array([ 67,  73,  43,  13,  -3, -30, -37, -33, -28, -19,  25]))
(array([-49, 185, 211, 163,  69, -33, -44, -46]), array([196, -40, -15,  93, 202, 225, 224, 223]))
(array([223, 199, 189, 128, 124, 145, 183, 225, 230, 229]), array([ -67,  -50,  -53, -130, -164, -178, -177, -167, -158, -119]))
(array([121,  88,  20,  12,  67, 117, 157, 163, 156, 150]), array([133, 121, -19, -36, -74, -74, -48,  -7,  73,  99]))
(array([ 16, 106, 104,  90,  48,  30, -38, -50, -48, -32,   6]), array([-194,  -81,  -40,  -30,  -17,  -13, -141, -180, -194, -199, -198]))
(array([  -9, -147, -183, -197, -218, -169, -151, -134,  -13]), array([-113,  -90, -115, -128, -193, -224, -225, -224, -128]))
(array([-166, -211, -217, -228, -229, -229, -228, -223, -183, -151, -149,
       -154]), array([127, 153, 153, 137, 115,  88,  69,  55,  44,  44,  58,  81]))
(array([ 98, 128, 141, 160, 156, 150, 105,  91,  48,  43,  47]), array([-48, -57, -21, 160, 169, 176, 158, 149,  91,  37,   9]))
(array([-148, -124, -117,  -87,  -80,  -64,  -12,  -10,   -9,  -12,  -76,
       -143]), array([ 57,   7,   0, -24, -27, -21,   1,  16,  28,  59,  95,  78]))
(array([-112, -114, -135, -151, -186, -216, -221, -228, -227, -223, -191,
       -172]), array([-49, -33,  -8,  -2, -14, -35, -40, -61, -75, -76, -78, -72]))
(array([ -88,  -91, -208, -222, -226, -230, -228, -217, -190]), array([-198, -121,  -92, -102, -114, -131, -153, -170, -190]))
(array([ 60,  30,  34,  45,  59, 118, 138, 168, 192, 208,  89]), array([225, 178, 169, 147, 140, 135, 137, 158, 181, 215, 230]))
(array([ 10,   7,  46,  68,  79, 104, 120, 104,  93,  45]), array([-169, -180, -228, -220, -213, -188, -138,  -99,  -89,  -59]))
(array([ -76, -101, -134, -164, -175, -202, -209, -207, -201, -121,  -81]), array([-54, -15,  35,  35,  34,  10,   2,  -3, -14, -98, -70]))
(array([-147, -154, -145,  -91,  -35,  -22,  -19,  -16,  -17,  -22,  -58,
        -80]), array([107,  89,  71,  15,  30,  47,  57,  86, 102, 120, 178, 167]))
(array([-198, -230, -228, -222, -209,  -52,  -44,  -60, -101]), array([228, 166, 113,  84,  82, 180, 187, 227, 230]))
(array([ 99, 152, 171, 210, 216, 229, 228, 216, 203, 182, 165, 101]), array([-92, -94, -72,  78, 103, 182, 198, 210, 207, 172, 135, -67]))
(array([211, 199, 193, 111,  99,  52,  54, 209]), array([-115,  -40,  -32,   32,   23,  -59,  -74, -128]))
(array([-118,  -85,  -75,  -61,  -14,   -6,   -6,  -47,  -60, -105, -115,
       -118]), array([-161, -199, -207, -201, -164, -155, -149, -124, -120, -116, -125,
       -144]))
(array([-113, -141, -140, -127, -111,   48,   77,   68,   53]), array([-151, -199, -216, -221, -224, -193, -162,  -88,  -87]))
(array([-230, -227, -224, -202, -155, -151, -149, -211, -226, -230]), array([148, 119, 108, 110, 125, 133, 157, 183, 182, 153]))
(array([ 38,  43,  88,  90, 147, 157, 160, 159, 101,  89,  82,  60]), array([ -53,  -70, -116, -117,  -81,  -73,  -67,  -55,  -15,  -11,  -16,
        -32]))
(array([-229, -230, -177, -164,  -80,  -68,  -97, -116, -148, -184]), array([ -68, -131, -141, -134,  -62,  -32,   31,   33,   34,   15]))
(array([-131, -155, -227, -230, -182, -160, -150, -141, -134]), array([ -56,   13,   32,  -11,  -89, -112, -108,  -87,  -70]))
(array([-189, -210, -228, -230, -229, -227, -218, -175, -160, -164]), array([ -65,  -87, -117, -129, -159, -165, -171, -171, -145, -130]))
(array([ 85,  84,  87, 147, 173, 196, 172, 157, 134]), array([203, 189, 176,  49,  36,  54, 180, 199, 214]))
(array([-50,   6,  14,  29,  34,  42,  64,  68,  73,  63,  56,  10,  -4,
       -35, -47]), array([ -44, -222, -225, -226, -226, -217, -189, -179, -166, -136, -121,
        -42,  -19,  -23,  -30]))
(array([-139, -142, -205, -210, -219, -225, -230, -228, -205, -140]), array([ -5,   2,  29,  18,  -3, -26, -58, -81, -81, -41]))
(array([-116, -116, -129, -141, -155, -170, -222, -217, -205, -170, -151,
       -139, -121]), array([-174,   46,   54,   56,   47,   23,  -84, -105, -138, -175, -190,
       -190, -184]))
(array([-218, -229, -229, -228, -205, -169, -149, -157, -193, -208]), array([147, 134, 115,  39,  27,  10,   9, 101, 141, 148]))
(array([ 54,  56,  89, 123, 212, 225, 229, 228, 224, 205, 195, 126,  64,  54]), array([158, 153, 140, 127, 155, 166, 214, 224, 228, 230, 230, 229, 175, 166]))
(array([214, 198, 156, 154, 161, 199, 215, 229, 230, 227, 225, 224, 222]), array([ -60,  -69, -137, -155, -204, -226, -225, -207, -155,  -79,  -69,
        -67,  -65]))
(array([  -8,  -78, -118, -131, -128, -111, -102,  -57,  -36,  -13]), array([ -76,  -25,  -64,  -91, -137, -148, -148, -143, -131,  -98]))
(array([ 51, 167, 179, 197, 179, 169, 135]), array([ -87, -100,  -70,   59,   83,   93,   45]))
(array([-171,  -97, -130, -134, -171, -230, -227, -222, -218, -197, -189]), array([ 90, 168, 225, 227, 217, 194, 169, 138, 114,  87,  79]))
(array([ 92, 128,  95,  57,  37,   8,  -1,  18,  38,  76]), array([-133, -100,  -30,   -1,   -7,  -49,  -63,  -95, -110, -128]))
(array([-217, -208, -179,  -30,  -31,  -38,  -85, -226, -227, -226, -225]), array([-140, -146, -142,  -45,  -26,  -14,   13,  -52,  -63,  -80,  -96]))
(array([-177, -137,  -92,  -90,  -87,  -79,  -73,  -55,  -51,  -38,  -53,
       -139, -171]), array([ -97, -228, -230, -230, -229, -222, -213, -144, -121,  -44,  -33,
        -22,  -65]))
(array([ -40, -211, -209, -130,   23,   35,   39,  -19]), array([ -72, -112, -125, -197, -179, -163, -134,  -77]))
(array([208, 196,  77,  54,  23,  11,  -2,  12,  21, 151, 170, 212, 211]), array([ 61, 100,  43,  30,   7,  -6, -24, -37, -44, -26, -22,  17,  33]))
(array([-174, -148,  -21,  -12,  -18, -109, -160]), array([  52,  -84, -131, -117,  -48,   72,   59]))
(array([-176, -208, -212, -213, -209, -183, -158, -143, -148]), array([ 38,  27,  11, -77, -87, -90, -47, -18,  19]))
(array([-111, -162, -189, -189, -184, -162, -103,  -71,  -60,  -60,  -68,
        -74]), array([-150, -156, -218, -224, -229, -230, -230, -213, -197, -186, -175,
       -167]))
(array([-182, -191, -161,  -84,  -70,   31,   33,  -34, -139]), array([ -38,  -63, -117, -139, -138, -130,  -85,  -48,    7]))
(array([ 67, -18, -22, -30, -25,  71,  82,  95, 117, 139, 131, 121,  86]), array([181, 168, 157, 130, 113,  68,  64,  60,  73,  90, 129, 143, 180]))
(array([230, 229, 167, 150, 187, 205, 220, 226, 229]), array([-182,  -47,   -8,   -2, -200, -224, -217, -214, -205]))
(array([-73, -69, -59, -23,  -7,  19,  24,  22,  15,   3, -11, -41]), array([-121, -139, -156, -206, -187, -146,  -97,  -60,  -50,  -50,  -51,
        -74]))
(array([166, 175, 195, 209, 228, 230, 229, 226, 210, 195]), array([  32, -133, -202, -197, -161, -151, -105,  -61,  -11,   31]))
(array([-229, -227, -224, -208, -139, -132, -133, -146, -165, -173, -184,
       -200]), array([172,  34,  30,  20,  35, 108, 119, 156, 196, 209, 204, 196]))
(array([ -1,   9,  44,  67,  77, 110, 103, 101,  55,  30,  11]), array([ -82, -150, -157, -149, -133,  -70,  -57,  -55,  -31,  -28,  -33]))
(array([ -30,  -45,  -74,  -94, -108, -110, -101,  -74,    0,   23,   26,
         24]), array([ 46,  54,  52,  50,  12,   2,  -6, -21, -28, -20, -13,  -9]))
(array([-106,  -58, -205, -218, -224, -230, -230, -129]), array([-195, -124,    3,   11,   13,   -6,  -87, -187]))
(array([ 39, 119, 185, 213, 229, 230, 230, 225, 214,  60,  43]), array([-120, -203, -169, -152, -142,  -96,  -89,  -58,  -57,  -87,  -99]))
(array([ 3, 14, 68, 71, 72, 56, 53, 41, 30,  5]), array([-113, -166,  -92,  -59,  -46,   18,   26,   25,    9,  -43]))
(array([-165, -102, -117, -127, -228, -229, -229, -225, -201]), array([-229,   56,   55,   52,  -97, -125, -147, -166, -213]))
(array([ -52,  -83, -132, -170, -170, -125, -100,  -66,  -54]), array([  8,  43,  11, -58, -73, -77, -78, -59, -44]))
(array([-163, -208, -217, -228, -223, -202, -157, -142, -121, -104, -107,
       -153]), array([-137, -162, -178, -213, -222, -230, -227, -225, -219, -191, -173,
       -142]))
(array([ 44, -79, -68, -56,  -5,  52, 104,  97,  80,  53]), array([-122, -172, -186, -192, -215, -221, -206, -181, -160, -131]))
(array([146, 149, 126, 114,  32,  21,  75, 103, 113]), array([124, 220, 230, 230, 227, 205, 113, 111, 114]))
(array([136,  69,  72,  78,  85, 155, 211, 215]), array([   8,  -49,  -72, -104, -113, -127,  -54,  -39]))
(array([ 51,  17, -22, -30,   1,  56, 135, 151, 158, 153, 139]), array([-150, -153, -187, -203, -213, -223, -198, -187, -180, -168, -152]))
(array([176, 143, 148, 154, 181, 222, 224, 229, 228, 220, 193]), array([-111, -177, -183, -189, -204, -204, -203, -139, -133, -108, -108]))
(array([-194, -166,  -76,  -61,  -71, -183, -200, -208, -225, -222]), array([-81, -94, -12,   4,  14,  92,  88,  81,  28,  15]))
(array([-17,  15,  48,  95, 119, 129, 132, 137, 125,  19,  -4]), array([ -35, -112, -133, -157, -162, -164, -145, -111,  -81,  -29,  -32]))
(array([  7, -73, -81, -85, -72, -59,  68,  68,  31]), array([ 95,  57,  44,  15, -14, -26, -28,  23,  76]))
(array([-226, -229, -228, -224, -221, -193, -156, -129, -125, -159]), array([   0,  -96, -125, -158, -172, -188, -162, -107,  -90,  -52]))
(array([ 98,  46, 136, 157, 194, 222, 227, 230, 230, 228, 224, 173, 145]), array([ -28,  -54, -198, -221, -215, -198, -187, -162, -160, -132, -120,
        -78,  -56]))
(array([-133,  -75,   96,  105,   99,   74,   21,  -48, -126]), array([-149, -155,  -98,  -90,  -69,  -50,  -51,  -70, -124]))
(array([-212, -229, -220, -219, -139, -125,  -24,  -17,  -15]), array([-176, -201, -223, -224, -230, -230, -180, -137, -122]))
(array([ -40, -101, -116, -167, -187, -182, -172, -148,  -46,  -41]), array([ -62,   39,   34,  -18,  -76,  -96, -117, -146,  -99,  -70]))
(array([-149, -184, -182, -171, -115,  -93,  -67,  -60,  -72, -100, -114,
       -131, -142]), array([-127, -210, -220, -222, -230, -212, -182, -142, -119, -104, -100,
        -96, -113]))
(array([-98, -78, -26,   8,  42,  53,  37,  14, -20, -31, -95]), array([-153, -163, -165, -158,  -94,   56,   66,   69,   67,   51, -134]))
(array([  13,   95,   88,   75,   49,   39, -198, -204, -130,  -86]), array([-36, 163, 170, 181, 192, 188,  -9, -23, -58, -60]))
(array([ 74,  87, 115, 129, 147, 153, 175, 175, 163, 109,  82]), array([  64, -103, -137, -151, -158, -151,   55,   74,   82,  102,   73]))
(array([224, 219, 203, 136,  47,   6, -19, -89, -84, -27, 209, 222, 223]), array([-182, -151, -145, -155, -172, -180, -188, -212, -224, -226, -224,
       -215, -211]))
(array([173, 161, 148, 143, 171, 192, 219, 230, 228]), array([ -56,  -64, -141, -211, -224, -213, -151, -110,  -77]))
(array([ -46,  -12,  -19,  -31,  -50, -107, -118,  -86]), array([-26,  63,  83, 115, 118, 107,  76,  12]))
(array([-52, -11,  -2, 100, 122, 127, 113,  21,  -3]), array([ -64, -175, -183, -151, -137, -119,  -93,    8,  -10]))
(array([-24,  -8,  -5,   2,  78,  95,  28,  -5, -12]), array([ 13, -66, -75, -89, -84, -33,  33,  56,  49]))
(array([-217, -229, -225, -192, -181, -141, -117,  -73,  -43,  -37,  -34,
        -40,  -50, -167]), array([-179, -193, -223, -227, -228, -227, -225, -216, -196, -172, -154,
       -152, -152, -169]))
(array([ 85,  43,  69,  96, 117, 144, 184, 189, 201, 193, 122, 104]), array([ -22,  -24, -128, -203, -225, -229, -230, -229, -222, -201,  -60,
        -25]))
(array([-214, -225, -200, -197, -159, -139,  -88,  -80, -117, -140, -169]), array([-168, -219, -229, -230, -229, -214, -136, -123,  -74,  -73, -109]))
(array([-32, -26, -20,   9,  58,  66,  72,  35, -19, -25, -31]), array([ -80, -154, -167, -153, -123, -115,  -87,  -68,  -59,  -64,  -74]))
(array([-186, -187, -158, -145, -136, -100,  -90,  -97, -103, -138, -169,
       -178, -184]), array([ -32,  -45, -110, -121, -125, -132, -116,  -62,  -52,  -32,  -18,
        -21,  -29]))
(array([-127, -106,  -82,  -70,  -69,  -63,  -60,  -77,  -83, -101]), array([-184, -209, -224, -228, -228, -223, -161, -136, -131, -145]))
(array([105,  73,  41,   6, -10, -16,  -9,   2,  54,  64,  68,  82,  94, 105]), array([ -1,  26,  23,  19,  -1, -20, -29, -39, -65, -68, -67, -58, -50, -25]))
(array([-230, -230, -207, -198, -189, -167, -167, -183, -208, -214, -227]), array([147, -53, -66, -60, -53, -30, -12, 130, 160, 163, 164]))
(array([121,  25,  12,  -1,  -3,  -3,  36,  60, 116, 120]), array([183, 218, 207, 194, 175, 165,  49,  43,  85,  96]))
Momento #0
Rana #0 Peso prom: 17.1393116757 Area: 9543.5
Rana #1 Peso prom: 21.3630143416 Area: 5955.5
Rana #2 Peso prom: 24.0292480569 Area: 10340.0
Rana #3 Peso prom: 17.7170567482 Area: 31098.5
Rana #4 Peso prom: 18.6360226437 Area: 18188.5
Rana #5 Peso prom: 16.1778828484 Area: 9888.0
Rana #6 Peso prom: 16.6990807722 Area: 23928.0
Rana #7 Peso prom: 21.2437882407 Area: 24529.5
Rana #8 Peso prom: 14.8505698794 Area: 14548.5
Rana #9 Peso prom: 15.874926597 Area: 10045.5
Rana #10 Peso prom: 17.0081244659 Area: 11483.0
Rana #11 Peso prom: 20.2842614152 Area: 6996.5
Rana #12 Peso prom: 20.9259678299 Area: 12098.5
Rana #13 Peso prom: 20.7151120638 Area: 9046.5
Coeficiente corr iter#0 peso_prom, area: (-0.17568306508967488, 0.5479983364158596)

Momento #1
Rana #0 Peso prom: 17.2197169564 Area: 16177.0
Rana #1 Peso prom: 20.1285495651 Area: 15185.0
Rana #2 Peso prom: 20.7097702063 Area: 11056.0
Rana #3 Peso prom: 17.7204200316 Area: 9884.5
Rana #4 Peso prom: 21.5981683713 Area: 11202.5
Rana #5 Peso prom: 16.4595821803 Area: 14589.0
Rana #6 Peso prom: 17.7472638228 Area: 16106.5
Rana #7 Peso prom: 17.2241779034 Area: 17867.0
Rana #8 Peso prom: 18.0733231525 Area: 20441.5
Rana #9 Peso prom: 19.9409033649 Area: 13759.0
Rana #10 Peso prom: 17.4161491526 Area: 7406.0
Rana #11 Peso prom: 19.7849345058 Area: 9955.5
Rana #12 Peso prom: 20.8040853059 Area: 8157.5
Rana #13 Peso prom: 18.9271617813 Area: 4071.0
Coeficiente corr iter#1 peso_prom, area: (-0.33981552626488715, 0.23455082447890291)

Momento #2
Rana #0 Peso prom: 21.3987960127 Area: 13215.5
Rana #1 Peso prom: 17.4693771645 Area: 18885.0
Rana #2 Peso prom: 18.0578542441 Area: 11886.0
Rana #3 Peso prom: 18.1834705646 Area: 9613.5
Rana #4 Peso prom: 21.7283089716 Area: 9943.0
Rana #5 Peso prom: 21.6953783448 Area: 6169.0
Rana #6 Peso prom: 22.0615042503 Area: 8536.0
Rana #7 Peso prom: 21.8152037823 Area: 10613.5
Rana #8 Peso prom: 25.2146438331 Area: 17328.0
Rana #9 Peso prom: 22.9340351475 Area: 8015.0
Rana #10 Peso prom: 20.9440567743 Area: 14524.0
Rana #11 Peso prom: 18.6473288757 Area: 10980.0
Rana #12 Peso prom: 20.9453651228 Area: 10148.0
Rana #13 Peso prom: 21.0088848332 Area: 11669.0
Coeficiente corr iter#2 peso_prom, area: (-0.11271690118205559, 0.70123534817975353)

Momento #3
Rana #0 Peso prom: 19.9761406221 Area: 15797.5
Rana #1 Peso prom: 14.6866268142 Area: 12278.0
Rana #2 Peso prom: 20.8725934745 Area: 21003.0
Rana #3 Peso prom: 19.8274553019 Area: 19314.5
Rana #4 Peso prom: 21.160566272 Area: 16453.0
Rana #5 Peso prom: 23.3977564357 Area: 16354.0
Rana #6 Peso prom: 20.2686910433 Area: 13375.5
Rana #7 Peso prom: 20.5869160544 Area: 16706.0
Rana #8 Peso prom: 22.6169467624 Area: 7024.5
Rana #9 Peso prom: 18.8418525253 Area: 18042.0
Rana #10 Peso prom: 16.7855773194 Area: 12610.0
Rana #11 Peso prom: 21.9735487201 Area: 23522.0
Rana #12 Peso prom: 20.3485881686 Area: 9587.5
Rana #13 Peso prom: 20.8404517401 Area: 20880.0
Coeficiente corr iter#3 peso_prom, area: (0.20096658080230975, 0.49087241023951012)

Momento #4
Rana #0 Peso prom: 20.8576925849 Area: 16366.0
Rana #1 Peso prom: 18.1345999105 Area: 17083.5
Rana #2 Peso prom: 19.8256245215 Area: 6656.0
Rana #3 Peso prom: 23.1931892802 Area: 18501.0
Rana #4 Peso prom: 20.3796733176 Area: 11802.5
Rana #5 Peso prom: 21.7828944617 Area: 5740.5
Rana #6 Peso prom: 17.2284540875 Area: 11489.5
Rana #7 Peso prom: 18.3106950365 Area: 12185.5
Rana #8 Peso prom: 21.3129385918 Area: 11890.5
Rana #9 Peso prom: 18.1678423357 Area: 9735.0
Rana #10 Peso prom: 13.7208219148 Area: 14500.0
Rana #11 Peso prom: 19.6804892488 Area: 17213.5
Rana #12 Peso prom: 21.7844160323 Area: 17948.0
Rana #13 Peso prom: 19.781025032 Area: 14369.0
Coeficiente corr iter#4 peso_prom, area: (0.078599985327095251, 0.78940204682234538)

Momento #5
Rana #0 Peso prom: 23.3751663705 Area: 6578.5
Rana #1 Peso prom: 22.4279446532 Area: 17815.5
Rana #2 Peso prom: 20.1635757348 Area: 4480.0
Rana #3 Peso prom: 19.300812733 Area: 7544.0
Rana #4 Peso prom: 22.7312867674 Area: 19047.0
Rana #5 Peso prom: 18.8316860317 Area: 8462.5
Rana #6 Peso prom: 17.0914936157 Area: 5037.5
Rana #7 Peso prom: 18.692979108 Area: 11375.0
Rana #8 Peso prom: 19.1489982129 Area: 13919.5
Rana #9 Peso prom: 18.2473467057 Area: 6850.0
Rana #10 Peso prom: 20.4280178989 Area: 18386.5
Rana #11 Peso prom: 15.8326503302 Area: 8292.0
Rana #12 Peso prom: 20.5967416063 Area: 12758.5
Rana #13 Peso prom: 18.7606189163 Area: 9390.5
Coeficiente corr iter#5 peso_prom, area: (0.48047661448683004, 0.082030265230105093)

Momento #6
Rana #0 Peso prom: 24.1246332256 Area: 10267.0
Rana #1 Peso prom: 23.142914331 Area: 14705.0
Rana #2 Peso prom: 20.0613917511 Area: 12069.5
Rana #3 Peso prom: 17.6972278662 Area: 10225.0
Rana #4 Peso prom: 23.4382414789 Area: 17492.0
Rana #5 Peso prom: 15.9393221747 Area: 21057.5
Rana #6 Peso prom: 14.8730278712 Area: 20950.5
Rana #7 Peso prom: 18.8064361324 Area: 16767.0
Rana #8 Peso prom: 17.5971511 Area: 19899.0
Rana #9 Peso prom: 19.0882818731 Area: 6712.5
Rana #10 Peso prom: 21.9077018304 Area: 7908.0
Rana #11 Peso prom: 16.8681213853 Area: 20515.0
Rana #12 Peso prom: 16.7615139786 Area: 13865.0
Rana #13 Peso prom: 17.1518963241 Area: 11071.0
Coeficiente corr iter#6 peso_prom, area: (-0.43633708926119952, 0.11880783429452135)

Momento #7
Rana #0 Peso prom: 21.159033995 Area: 9747.5
Rana #1 Peso prom: 22.2597971082 Area: 10421.0
Rana #2 Peso prom: 19.0658976566 Area: 14572.5
Rana #3 Peso prom: 18.1202435517 Area: 10269.5
Rana #4 Peso prom: 20.4589574691 Area: 7529.0
Rana #5 Peso prom: 17.3641718176 Area: 17176.5
Rana #6 Peso prom: 17.9460649971 Area: 18054.0
Rana #7 Peso prom: 17.8645225322 Area: 8533.5
Rana #8 Peso prom: 20.0886256367 Area: 17563.5
Rana #9 Peso prom: 17.6054566479 Area: 9516.0
Rana #10 Peso prom: 20.999972992 Area: 8059.0
Rana #11 Peso prom: 23.5146833162 Area: 10742.5
Rana #12 Peso prom: 18.5303121475 Area: 11758.0
Rana #13 Peso prom: 17.815258717 Area: 12525.0
Coeficiente corr iter#7 peso_prom, area: (-0.32633800517973771, 0.25481636810799868)

Momento #8
Rana #0 Peso prom: 21.9446837106 Area: 9693.0
Rana #1 Peso prom: 24.1964503885 Area: 6318.0
Rana #2 Peso prom: 18.3423781953 Area: 17298.0
Rana #3 Peso prom: 19.4275511647 Area: 11652.0
Rana #4 Peso prom: 17.0850361515 Area: 14168.0
Rana #5 Peso prom: 20.2343864734 Area: 12412.0
Rana #6 Peso prom: 17.6934956642 Area: 19246.5
Rana #7 Peso prom: 19.4100508892 Area: 13956.5
Rana #8 Peso prom: 22.0898990232 Area: 13027.5
Rana #9 Peso prom: 17.5298562553 Area: 16948.5
Rana #10 Peso prom: 18.3418688914 Area: 10966.0
Rana #11 Peso prom: 25.6386718051 Area: 24075.0
Rana #12 Peso prom: 20.2575306507 Area: 36449.5
Rana #13 Peso prom: 17.8803001308 Area: 19208.0
Coeficiente corr iter#8 peso_prom, area: (-0.042067251322664805, 0.88645779620017306)

Momento #9
Rana #0 Peso prom: 15.7100719126 Area: 16660.0
Rana #1 Peso prom: 22.4519152511 Area: 10251.0
Rana #2 Peso prom: 20.8115131486 Area: 9574.5
Rana #3 Peso prom: 20.090589572 Area: 20121.5
Rana #4 Peso prom: 24.0703362891 Area: 10986.0
Rana #5 Peso prom: 19.2605507208 Area: 10610.0
Rana #6 Peso prom: 22.3093280278 Area: 16966.0
Rana #7 Peso prom: 23.3826987242 Area: 13065.5
Rana #8 Peso prom: 22.7662194541 Area: 7468.5
Rana #9 Peso prom: 21.1019469802 Area: 7087.0
Rana #10 Peso prom: 18.6833384405 Area: 4105.0
Rana #11 Peso prom: 21.174807696 Area: 8120.0
Rana #12 Peso prom: 22.4899666339 Area: 11487.0
Rana #13 Peso prom: 20.6984609914 Area: 15623.5
Coeficiente corr iter#9 peso_prom, area: (-0.14353996386448514, 0.62445096072242334)

